### Seeds

5432
9200
2173
5579
531
7636
6709
1497
643
6011
9678
5032
2434
5130
3750
4485
6207
5270
4764
2625
7267
4783
3897
9196
5667
6454
9871
2886
3701
9982
2875
8045
1655
1020
3191
7562
7760
1650
9209
3820
5943
419
6253
3283
3886
7305
2906
9636
8727
6984
8227
1789
2261
8031
4085
3971
1521
1246
5346
8218
4537
8516
4043
4011
1942
5228
2877
1423
2244
4380
286
6518
811
2869
4217
5931
8797
7806
7243
9357
631
6441
3887
9367
3296
7973
3134
2482
1258
6193
9074
4338
4646
1236
146
9637
8037
1802
5952
5894
3986
8858
4170
1915
5822
9733
8820
7260
457
1325
3590
5306
4568
9488
3531
7832
1421
3388
1252
7164
1294
2383
5009
675
894
9128
2154
3085
7770
1799
4094
2498
4640
1360
3753
2315
5307
6226
1383
7313
8178
9441
5320
3669
8998
1139
6465
9997
7086
2838
6198
5012
464
9303
4437
9776
5159
5494
6055
155
3954
3029
5577
6852
2740
2168
3564
5109
9462
9816
5362
729
9236
3110
9056
4788
512
9950
1343
8223
8724
9617
8370
6987
1597
2216
4653
7344
9414
7978
4944
3249
456
6624
7442
9491
2341
5311
3322
6078
1150
2391
1867
9992
3567
345
4460
6106
4405
9906
4524
3032
8557
9330
3024
212
8376
2936
5773
3544
3900
209
589
6626
9040
2803
3381
159
5830
4441
5441
5312
9941
956
244
1331
5044
8956
5364
7194
4445
9358
3111
7955
1835
5922
3716
7994
2685
2849
869
8046
3286
3010
5785
4339
9958
8874
5517
8047
9370
1395
2598
2132
6681
3854
6160
2533
8972
4612
3527
4916
7733
4997
4553
6268
4224
5394
9132
9634
7651
6935
5336
5861
534
4151
5366
8404
1577
7918
4054
977
7140
2015
8060
327
2797
1851
6849
9366
708
5824
6526
4334
9271
3696
8885
7456
1860
7958
3323
7524
6027
5203
2536
8186
5646
1863
7376
6775
277
8102
1920
2900
8238
2050
1998
8845
7270
7570
8990
340
5376
2597
2414
2567
6122
5021
1458
4140
7826
5020
6056
7340
3235
9946
1192
8694
1664
7202
6276
5629
7296
2673
5168
672
5762
9628
958
7357
9493
4049
9376
7940
7774
1004
1706
8074
4004
8882
8115
6025
3680
571
5342
5869
5190
8005
1399
1113
2852
5772
9800
7471
3616
6850
4179
2885
2902
9142
537
8169
3066
317
7017
2613
2634
7190
4883
1117
2386
965
9564
5403
6172
998
8421
3672
9685
7581
9148
2394
5672
3444
377
8536
2909
1711
1896
1945
6223
3978
9296
8391
764
724
6000
9746
4911
7635
5207
3640
9248
8560
459
9921
5756
8393
418
4096
5962
1269
4822
556
3746
9076
8363
827
5283
2320
3302
5969
5169
6101
780
6765
8063
6255
3007
8614
7238
8385
4934
634
4294
698
2891
8655
4007
5153
5472
8689
3112
1720
4785
9205
719
7354
4803
3414
9051
4924
1189
7530
9251
8704
9392
6614
9314
8825
9160
8555
7241
9261
1809
8365
1991
3777
8397
9896
6685
1067
4948
8931
8788
1134
3657
5321
9616
4549
4956
4288
5705
136
7343
5540
734
1101
9722
5977
6883
6417
9883
3855
2884
2246
2139
3962
2438
574
9505
9621
8871
8707
7686
2048
9581
6366
9105
4661
4273
5250
7926
978
9864
2712
2629
7453
8816
6261
6572
8349
8760
2653
8505
7443
8819
3332
4871
4824
4995
8705
1417
8661
4078
7623
2765
3963
3395
5886
3204
7510
3997
8427
5899
6782
5520
7601
4762
1916
9299
4198
6752
7649
9043
2248
7362
4576
5127
6180
500
7052
5719
164
5304
2230
7569
1527
7463
1346
1569
7843
3222
1814
2269
2096
6288
2928
695
5574
3245
8358
9182
8119
3406
7157
1522
3832
4701
3810
6073
8851
3217
4744
4056
1090
9109
434
5963
3650
976
6707
7580
3452
3498
174
8843
3344
5983
2487
6437
7951
2892
1197
6790
2540
2467
6495
3368
6413
4768
1638
9412
395
1846
8338
8809
1670
2306
6080
9492
9175
8390
9139
3355
1844
1280
8030
5132
6623
6521
749
6591
8065
8697
8337
3198
2176
3312
5476
3261
7803
9822
6054
6665
2075
5142
5165
7476
3742
7742
1461
7288
1948
7200
4550
5907
9845
3989
6977
7145
4709
5031
923
3812
813
5298
4119
6813
598
2916
8304
2222
4358
2818
2401
3638
1131
8342
6831
2156
379
5508
5315
7762
9005
888
349
5064
1416
8566
4311
5885
1673
1801
8303
9279
6069
5728
6988
4032
7064
7433
3873
9686
2476
9572
7706
6065
7401
6074
3760
620
1836
5544
5506
4552
2782
2292
3818
1008
1352
1006
5223
8652
7244
4599
3019
1918
8580
9736
2430
6455
6129
8980
5353
7961
774
1898
6660
3920
3521
2837
8899
105
5698
7033
8648
2030
7156
8285
6002
2703
2347
4595
3499
3258
3987
3545
1624
5074
3018
5317
3437
162
5860
3602
6668
1924
6593
2972
4488
7612
8203
7545
3572
2144
2657
8298
5949
681
4413
4293
650
1478
890
5178
3292
3012
6774
4015
2841
632
5291
8220
4580
5868
3938
2428
9064
2811
2001
3500
8282
5932
7982
7540
652
5038
1200
996
3128
3041
4907
5194
9340
8893
4831
8908
4416
4386
5747
6281
930
3853
8053
6168
9177
3174
7804
9180
550
8293
5065
3412
2942
6029
8163
6546
1514
2316
5595
4782
8182
1107
5445
5003
4058
4581
8678
5797
5790
8292
4957
444
1268
568
4285
7430
1778
5333
3678
8070
9260
5796
9523
8334
5971
2732
7434
5344
4379
3689
732
7097
7030
7458
151
8663
9393
9610
3415
4989
4742
8403
5424
1756
1103
8412
9426
7259
8986
9823
5927
2545
6921
1637
9518
6762
9359
6116
6475
4998
2093
6024
9427
7444
9155
605
8568
1356
3468
8485
3780
2338
2444
3432
5268
460
972
9877
5290
8056
7057
6785
7985
4520
6295
6042
1377
1022
8190
1710
3400
6806
2121
3050
4165
4619
1392
2755
6254
733
300
9739
7669
601
3317
483
2027
8918
7857
4464
898
5155
6508
4548
6225
7827
6943
